0 left_hip_yaw             0.0 -0.429999977350235 0.429999977350235
1 right_hip_yaw            0.0 -0.429999977350235 0.429999977350235
2 torso                    0.0 -2.3499996662139893 2.3499996662139893
3 left_hip_roll            0.0 -0.429999977350235 0.429999977350235
4 right_hip_roll           0.0 -0.429999977350235 0.429999977350235
5 left_shoulder_pitch      0.2800000011920929 -2.869999647140503 2.869999647140503
6 right_shoulder_pitch     0.2800000011920929 -2.869999647140503 2.869999647140503
7 left_hip_pitch          -0.2800000011920929 -1.5700000524520874 1.5700000524520874
8 right_hip_pitch         -0.2800000011920929 -1.5700000524520874 1.5700000524520874
9 left_shoulder_roll      0.0 -0.3399999737739563 3.109999895095825
10 right_shoulder_roll    0.0 -3.109999895095825 0.3399999737739563
11 left_knee              0.7900000214576721 -0.25999999046325684 2.049999952316284
12 right_knee             0.7900000214576721 -0.25999999046325684 2.049999952316284
13 left_shoulder_yaw      0.0 -1.2999998331069946 4.4499993324279785
14 right_shoulder_yaw     0.0 -4.4499993324279785 1.2999998331069946
15 left_ankle            -0.5199999809265137 -0.8700000047683716 0.5199999809265137
16 right_ankle           -0.5199999809265137 -0.8700000047683716 0.5199999809265137
17 left_elbow             0.5199999809265137 -1.2499998807907104 2.609999895095825
18 right_elbow            0.5199999809265137 -1.2499998807907104 2.609999895095825
